./data/segmentData/59264.jpg:426 579 1597 579 1604 1501 433 1501;440 1572 1597 1565 1604 2452 483 2452;461 2523 1618 2501 1625 3402 490 3417;
./data/segmentData/59265.jpg:483 543 1639 543 1660 1458 476 1473;476 1820 1660 1820 1668 2714 483 2728;
./data/segmentData/59289.jpg:447 323 1590 309 1611 1217 447 1260;433 1373 1582 1366 1597 2267 447 2239;412 2359 1590 2352 1597 3260 412 3289;
./data/segmentData/59290.jpg:433 628 1611 642 1597 1558 412 1558;454 1714 1625 1735 1597 2650 433 2622;
./data/segmentData/60807.jpg:362 210 1533 196 1540 1061 376 1146;376 1274 1554 1246 1554 2125 391 2139;383 2352 1568 2324 1568 3161 376 3204;
./data/segmentData/60808.jpg:334 238 1497 210 1512 1111 334 1146;334 1345 1533 1345 1526 2225 327 2225;305 2416 1497 2402 1512 3253 327 3275;
./data/segmentData/60841.jpg:305 1359 1476 1359 1497 2281 312 2288;320 2367 1512 2374 1540 3289 305 3275;
./data/segmentData/60842.jpg:291 302 1469 266 1483 1189 320 1231;320 1380 1504 1366 1512 2267 348 2296;355 2430 1512 2402 1540 3253 341 3303;
./data/segmentData/60843.jpg:298 295 1469 295 1476 1217 320 1231;305 1359 1490 1331 1497 2253 327 2274;
./data/segmentData/60879.jpg:405 1395 1561 1359 1575 2274 426 2303;419 2430 1611 2409 1632 3317 412 3296;
./data/segmentData/60880.jpg:362 302 1526 281 1554 1189 383 1231;391 1437 1561 1409 1590 2303 426 2352;433 2452 1597 2423 1653 3324 476 3381;
./data/segmentData/60885.jpg:376 281 1547 274 1554 1189 376 1189;376 1359 1554 1359 1582 2267 391 2281;412 2409 1582 2409 1582 3303 419 3317;
./data/segmentData/60886.jpg:334 366 1512 373 1512 1274 334 1274;
./data/segmentData/60893.jpg:391 1331 1554 1331 1568 2225 405 2246;405 2367 1582 2352 1597 3282 419 3296;
./data/segmentData/60895.jpg:447 295 1611 309 1590 1217 419 1203;469 1359 1604 1359 1604 2281 454 2267;
./data/segmentData/61079.jpg:958 153 2122 153 2122 1054 944 1047;944 1082 2122 1104 2115 1998 944 2005;944 2005 2115 2005 2100 2892 944 2920;
./data/segmentData/61080.jpg:944 132 2107 139 2100 1047 923 1047;937 1068 2107 1068 2100 1983 923 2005;930 2005 2093 1998 2086 2842 908 2877;
./data/segmentData/61086.jpg:916 125 2249 132 2242 1061 916 1075;923 1075 2235 1061 2256 1998 937 2019;930 2040 2249 2005 2264 2920 951 2955;
./data/segmentData/61087.jpg:930 174 2249 153 2249 1089 930 1118;937 1118 2249 1104 2278 2040 944 2054;944 2061 2278 2040 2285 2948 944 2977;
./data/segmentData/61088.jpg:930 132 2242 117 2256 1054 937 1068;930 1082 2264 1061 2285 1983 944 2005;958 2005 2292 1983 2299 2920 972 2948;
./data/segmentData/61576.jpg:340 1244 1496 1244 1482 2139 340 2139;347 2167 1503 2167 1496 3126 333 3119;
./data/segmentData/61577.jpg:293 188 1461 167 1447 1080 293 1073;308 1087 1461 1137 1447 2057 293 2036;322 2106 1468 2099 1476 3012 315 3048;
./data/segmentData/61590.jpg:252 294 1398 294 1426 1206 252 1213;266 1362 1412 1341 1433 2274 280 2281;308 2387 1475 2380 1482 3307 322 3307;
./data/segmentData/61605.jpg:246 188 1411 180 1418 1105 253 1105;268 1127 1426 1141 1426 2037 275 2059;289 2101 1447 2101 1454 3005 296 3019;
./data/segmentData/61607.jpg:315 1213 1482 1213 1482 2119 322 2119;322 2182 1497 2161 1511 3109 337 3130;
./data/segmentData/61664.jpg:267 181 1426 166 1404 1099 267 1085;274 1156 1419 1177 1397 2159 246 2138;281 2223 1440 2286 1397 3184 238 3156;
./data/segmentData/61669.jpg:320 231 1455 224 1433 1125 277 1097;305 1288 1469 1324 1455 2210 291 2189;334 2281 1469 2296 1469 3204 341 3225;
./data/segmentData/61670.jpg:274 167 1419 145 1440 1029 274 1043;309 1213 1468 1199 1475 2117 309 2117;337 2216 1511 2195 1553 3107 372 3157;
./data/segmentData/61920.jpg:417 436 3058 583 2985 2334 316 2131;
./data/segmentData/61921.jpg:767 391 3401 425 3424 2137 750 2086;
./data/segmentData/61922.jpg:738 403 3328 549 3283 2261 615 2120;
./data/segmentData/61923.jpg:457 448 3131 521 3092 2261 367 2159;
./data/segmentData/62178.jpg:491 909 3176 887 3232 2643 457 2643;
./data/segmentData/62179.jpg:468 763 3171 786 3176 2531 429 2486;
./data/segmentData/62180.jpg:553 836 3261 898 3266 2660 491 2587;
./data/segmentData/62181.jpg:615 847 3334 915 3300 2666 547 2581;
./data/segmentData/62182.jpg:603 870 3351 909 3345 2666 547 2615;
./data/segmentData/62183.jpg:513 617 3238 673 3216 2418 457 2362;
./data/segmentData/62184.jpg:491 786 3204 763 3244 2520 491 2520;
./data/segmentData/62185.jpg:637 662 3356 656 3384 2396 603 2396;
./data/segmentData/62186.jpg:569 628 3294 656 3289 2418 536 2362;
./data/segmentData/62187.jpg:581 617 3278 650 3289 2390 502 2339;
./data/segmentData/62634.jpg:389 572 3041 572 3052 2368 356 2311;
./data/segmentData/62635.jpg:524 341 3216 397 3182 2170 485 2080;
./data/segmentData/63433.jpg:611 614 2263 600 2285 3174 632 3203;
./data/segmentData/63434.jpg:604 550 2249 607 2157 3189 511 3139;
./data/segmentData/63435.jpg:660 557 2320 600 2249 3160 604 3132;
./data/segmentData/63436.jpg:213 281 1852 224 1937 2834 277 2884;
./data/segmentData/63437.jpg:646 635 2306 607 2327 3196 674 3203;
./data/segmentData/63438.jpg:639 578 2292 628 2228 3217 575 3160;
./data/segmentData/63439.jpg:625 586 2277 614 2242 3181 575 3167;
./data/segmentData/63440.jpg:568 607 2235 578 2270 3167 618 3189;
./data/segmentData/63441.jpg:639 593 2285 607 2277 3181 632 3174;
./data/segmentData/63442.jpg:632 578 2277 578 2242 3196 589 3181;
./data/segmentData/63443.jpg:554 486 2165 493 2075 2971 526 3005;
./data/segmentData/63444.jpg:593 236 3146 221 3141 1863 583 1878;
./data/segmentData/63445.jpg:596 578 2256 593 2235 3181 582 3167;
./data/segmentData/63450.jpg:433 552 2072 566 2050 3175 391 3175;
./data/segmentData/63451.jpg:426 313 2057 285 2100 2908 440 2922;
./data/segmentData/63452.jpg:525 250 2177 215 2219 2837 567 2865;
./data/segmentData/63453.jpg:637 320 2282 292 2304 2879 694 2893;
./data/segmentData/63455.jpg:139 136 2873 266 2797 2036 13 1893;
./data/segmentData/63456.jpg:243 300 2991 372 2965 2108 158 2044;
./data/segmentData/63457.jpg:169 80 2882 121 2911 1866 123 1816;
./data/segmentData/63458.jpg:366 315 3066 333 3108 2087 319 2054;
./data/segmentData/63459.jpg:318 71 3025 238 2948 1984 147 1793;
./data/segmentData/63460.jpg:523 261 3101 261 3106 1908 533 1908;
./data/segmentData/63461.jpg:504 226 3086 216 3106 1868 528 1878;
./data/segmentData/63462.jpg:653 276 3220 211 3270 1849 688 1923;
./data/segmentData/63463.jpg:613 197 3171 157 3186 1819 633 1844;
./data/segmentData/63464.jpg:628 197 3181 266 3151 1908 583 1839;
./data/segmentData/63465.jpg:613 206 3171 256 3136 1903 578 1854;
./data/segmentData/63466.jpg:583 226 3141 231 3141 1878 583 1888;
./data/segmentData/63467.jpg:593 236 3161 256 3146 1893 583 1878;
./data/segmentData/63468.jpg:417 656 3171 650 3159 2418 361 2384;
./data/segmentData/63469.jpg:262 95 2926 116 2952 1788 169 1826;
./data/segmentData/63470.jpg:139 136 2877 275 2806 2027 9 1885;
./data/segmentData/63471.jpg:243 295 2987 372 2965 2116 158 2056;
./data/segmentData/63473.jpg:139 145 2869 270 2797 2036 13 1885;
./data/segmentData/63474.jpg:243 304 2991 372 2974 2112 149 2048;
./data/segmentData/63475.jpg:173 80 2894 117 2915 1866 111 1812;
./data/segmentData/63476.jpg:357 319 3075 343 3108 2091 315 2045;
./data/segmentData/63477.jpg:318 71 3029 238 2980 1976 147 1785;
./data/segmentData/63478.jpg:523 261 3096 256 3106 1908 538 1908;
./data/segmentData/63479.jpg:504 236 3091 216 3101 1868 523 1883;
./data/segmentData/63480.jpg:604 614 2270 593 2299 3181 646 3210;
./data/segmentData/63481.jpg:604 550 2242 635 2171 3196 504 3146;
./data/segmentData/63521.jpg:618 621 2263 600 2299 3189 646 3189;
./data/segmentData/63522.jpg:589 543 2249 614 2164 3196 504 3146;
./data/segmentData/63524.jpg:213 266 1859 224 1930 2841 277 2891;
./data/segmentData/63525.jpg:632 621 2292 600 2320 3217 689 3245;
./data/segmentData/63526.jpg:639 578 2292 628 2221 3238 575 3189;
./data/segmentData/63527.jpg:632 586 2277 607 2235 3203 589 3174;
./data/segmentData/63530.jpg:625 578 2263 586 2256 3189 604 3189;
./data/segmentData/63532.jpg:583 236 3136 226 3146 1878 578 1878;
./data/segmentData/63533.jpg:596 578 2249 593 2249 3181 589 3174;
./data/segmentData/63538.jpg:426 552 2079 559 2057 3168 384 3175;
./data/segmentData/63539.jpg:419 306 2064 278 2107 2936 454 2964;
./data/segmentData/63540.jpg:525 250 2177 222 2212 2837 567 2872;
./data/segmentData/63541.jpg:637 306 2289 278 2304 2908 644 2964;
